,Ticker,dol,dfl
0,BRIGADE.NS,0.13743194668243056,0.8955876231441654
1,PRESTIGE.NS,0.34725480994838104,5.514527027027027
2,GODREJPROP.NS,0.43834673006528546,1.1658093536792717
3,SUNTECK.NS,0.4223939110965433,0.3952043024365313
4,PHOENIXLTD.NS,0.5732413516081766,0.7106949501132738
5,OBEROIRLTY.NS,0.2851237833277647,1.6831450634802418
6,DLF.NS,0.9403570670313338,1.427775294449674
7,SOBHA.NS,0.356492953415094,0.24663182949356627
8,NBCC.NS,0.1110636691122962,-0.017053425912593387
9,OMAXE.NS,0.5184377199155524,1.0268766119180128
10,MAHLIFE.NS,0.08357075357978112,11.909301958307012
